import torch

extrinsic_camera = {
    "images/0013/Camera00": torch.tensor(
        [
            [0.16474805, -0.05920818, 0.98455699, -3.70828901],
            [-0.28113361, -0.95960937, -0.01066521, 0.61452752],
            [0.94542159, -0.27503499, -0.17473919, 5.13014112],
            [0.0, 0.0, 0.0, 1.0],
        ]
    ),
    "images/0013/Camera01": torch.tensor(
        [
            [0.11698297, -0.05211367, -0.99176567, 3.64506741],
            [0.01209303, -0.99847351, 0.05389257, 0.73084536],
            [-0.99306029, -0.01829796, -0.11617417, 4.31355803],
            [0.0, 0.0, 0.0, 1.0],
        ]
    ),
    "images/0013/Camera02": torch.tensor(
        [
            [0.83435696, -0.09288965, -0.5433415, 1.9220805],
            [-0.01562046, -0.98928756, 0.14514174, 0.30910742],
            [-0.55100315, -0.11261278, -0.82686993, 7.54010884],
            [0.0, 0.0, 0.0, 1.0],
        ]
    ),
    "images/0013/Camera03": torch.tensor(
        [
            [0.84279926, 0.00974517, 0.53813979, -2.09235773],
            [-0.07273647, -0.98860179, 0.13181768, 0.1638759],
            [0.53329055, -0.15023823, -0.83248403, 7.91918307],
            [0.0, 0.0, 0.0, 1.0],
        ]
    ),
    "images/0013/Camera04": torch.tensor(
        [
            [-0.7096284, -0.0266299, -0.70407271, 2.58183179],
            [0.02258099, -0.99963174, 0.01504955, 0.7313351],
            [-0.7042142, -0.00521907, 0.7099684, 1.77129035],
            [0.0, 0.0, 0.0, 1.0],
        ]
    ),
    "images/0013/Camera05": torch.tensor(
        [
            [-0.87220521, 0.05167236, 0.48640318, -1.93550021],
            [-0.04665368, -0.9986592, 0.02243302, 0.76079871],
            [0.48691017, -0.0031263, 0.87344645, 1.17469392],
            [0.0, 0.0, 0.0, 1.0],
        ]
    ),
    "images/0015/Camera00": torch.tensor(
        [
            [0.16474805, -0.05920818, 0.98455699, -3.70828901],
            [-0.28113361, -0.95960937, -0.01066521, 0.61452752],
            [0.94542159, -0.27503499, -0.17473919, 5.13014112],
            [0.0, 0.0, 0.0, 1.0],
        ]
    ),
    "images/0015/Camera01": torch.tensor(
        [
            [0.11698297, -0.05211367, -0.99176567, 3.64506741],
            [0.01209303, -0.99847351, 0.05389257, 0.73084536],
            [-0.99306029, -0.01829796, -0.11617417, 4.31355803],
            [0.0, 0.0, 0.0, 1.0],
        ]
    ),
    "images/0015/Camera02": torch.tensor(
        [
            [0.83435696, -0.09288965, -0.5433415, 1.9220805],
            [-0.01562046, -0.98928756, 0.14514174, 0.30910742],
            [-0.55100315, -0.11261278, -0.82686993, 7.54010884],
            [0.0, 0.0, 0.0, 1.0],
        ]
    ),
    "images/0015/Camera03": torch.tensor(
        [
            [0.84279926, 0.00974517, 0.53813979, -2.09235773],
            [-0.07273647, -0.98860179, 0.13181768, 0.1638759],
            [0.53329055, -0.15023823, -0.83248403, 7.91918307],
            [0.0, 0.0, 0.0, 1.0],
        ]
    ),
    "images/0015/Camera04": torch.tensor(
        [
            [-0.7096284, -0.0266299, -0.70407271, 2.58183179],
            [0.02258099, -0.99963174, 0.01504955, 0.7313351],
            [-0.7042142, -0.00521907, 0.7099684, 1.77129035],
            [0.0, 0.0, 0.0, 1.0],
        ]
    ),
    "images/0015/Camera05": torch.tensor(
        [
            [-0.87220521, 0.05167236, 0.48640318, -1.93550021],
            [-0.04665368, -0.9986592, 0.02243302, 0.76079871],
            [0.48691017, -0.0031263, 0.87344645, 1.17469392],
            [0.0, 0.0, 0.0, 1.0],
        ]
    ),
    "images/0017/Camera00": torch.tensor(
        [
            [0.16474805, -0.05920818, 0.98455699, -3.70828901],
            [-0.28113361, -0.95960937, -0.01066521, 0.61452752],
            [0.94542159, -0.27503499, -0.17473919, 5.13014112],
            [0.0, 0.0, 0.0, 1.0],
        ]
    ),
    "images/0017/Camera01": torch.tensor(
        [
            [0.11698297, -0.05211367, -0.99176567, 3.64506741],
            [0.01209303, -0.99847351, 0.05389257, 0.73084536],
            [-0.99306029, -0.01829796, -0.11617417, 4.31355803],
            [0.0, 0.0, 0.0, 1.0],
        ]
    ),
    "images/0017/Camera02": torch.tensor(
        [
            [0.83435696, -0.09288965, -0.5433415, 1.9220805],
            [-0.01562046, -0.98928756, 0.14514174, 0.30910742],
            [-0.55100315, -0.11261278, -0.82686993, 7.54010884],
            [0.0, 0.0, 0.0, 1.0],
        ]
    ),
    "images/0017/Camera03": torch.tensor(
        [
            [0.84279926, 0.00974517, 0.53813979, -2.09235773],
            [-0.07273647, -0.98860179, 0.13181768, 0.1638759],
            [0.53329055, -0.15023823, -0.83248403, 7.91918307],
            [0.0, 0.0, 0.0, 1.0],
        ]
    ),
    "images/0017/Camera04": torch.tensor(
        [
            [-0.7096284, -0.0266299, -0.70407271, 2.58183179],
            [0.02258099, -0.99963174, 0.01504955, 0.7313351],
            [-0.7042142, -0.00521907, 0.7099684, 1.77129035],
            [0.0, 0.0, 0.0, 1.0],
        ]
    ),
    "images/0017/Camera05": torch.tensor(
        [
            [-0.87220521, 0.05167236, 0.48640318, -1.93550021],
            [-0.04665368, -0.9986592, 0.02243302, 0.76079871],
            [0.48691017, -0.0031263, 0.87344645, 1.17469392],
            [0.0, 0.0, 0.0, 1.0],
        ]
    ),
    "images/0019/Camera00": torch.tensor(
        [
            [0.16474805, -0.05920818, 0.98455699, -3.70828901],
            [-0.28113361, -0.95960937, -0.01066521, 0.61452752],
            [0.94542159, -0.27503499, -0.17473919, 5.13014112],
            [0.0, 0.0, 0.0, 1.0],
        ]
    ),
    "images/0019/Camera01": torch.tensor(
        [
            [0.11698297, -0.05211367, -0.99176567, 3.64506741],
            [0.01209303, -0.99847351, 0.05389257, 0.73084536],
            [-0.99306029, -0.01829796, -0.11617417, 4.31355803],
            [0.0, 0.0, 0.0, 1.0],
        ]
    ),
    "images/0019/Camera02": torch.tensor(
        [
            [0.83435696, -0.09288965, -0.5433415, 1.9220805],
            [-0.01562046, -0.98928756, 0.14514174, 0.30910742],
            [-0.55100315, -0.11261278, -0.82686993, 7.54010884],
            [0.0, 0.0, 0.0, 1.0],
        ]
    ),
    "images/0019/Camera03": torch.tensor(
        [
            [0.84279926, 0.00974517, 0.53813979, -2.09235773],
            [-0.07273647, -0.98860179, 0.13181768, 0.1638759],
            [0.53329055, -0.15023823, -0.83248403, 7.91918307],
            [0.0, 0.0, 0.0, 1.0],
        ]
    ),
    "images/0019/Camera04": torch.tensor(
        [
            [-0.7096284, -0.0266299, -0.70407271, 2.58183179],
            [0.02258099, -0.99963174, 0.01504955, 0.7313351],
            [-0.7042142, -0.00521907, 0.7099684, 1.77129035],
            [0.0, 0.0, 0.0, 1.0],
        ]
    ),
    "images/0019/Camera05": torch.tensor(
        [
            [-0.87220521, 0.05167236, 0.48640318, -1.93550021],
            [-0.04665368, -0.9986592, 0.02243302, 0.76079871],
            [0.48691017, -0.0031263, 0.87344645, 1.17469392],
            [0.0, 0.0, 0.0, 1.0],
        ]
    ),
}
